10 9
9 8
8 117
1010 26
26 1007
1007 461
461 462
462 21
14 13
13 23
12 11
11 15
15 82
82 730
730 17
17 725
725 125
125 1148
1148 936
936 14
38 1176
1176 381
381 23
383 1331
1331 28
45 1101
14 32
20 148
31 33
33 24
24 1008
1008 34
34 31
41 43
54 616
616 379
379 42
7 794
794 780
780 6
6 74
25 1189
1189 703
47 976
976 973
973 48
48 49
49 975
975 121
121 860
860 47
57 398
398 632
632 1037
1037 696
696 50
374 973
50 51
51 140
140 52
52 53
46 930
930 692
7 85
85 58
58 731
731 587
587 86
58 59
59 60
60 61
168 166
993 995
20 147
147 72
72 1257
1257 124
124 970
970 403
73 311
74 841
841 923
923 1096
1096 1095
1095 1128
1128 1131
1131 75
75 660
660 1465
1465 557
557 76
74 1114
1114 1068
78 509
509 520
520 79
2 589
589 1
82 86
86 1097
1097 150
76 325
325 77
77 947
947 845
845 735
735 847
847 327
327 64
76 556
556 918
918 917
917 931
931 779
779 7
85 8
84 120
1230 802
802 312
312 270
698 629
629 625
625 142
87 741
741 1111
1111 1223
1223 114
114 115
87 946
946 77
29 32
32 456
456 27
27 720
720 30
32 707
707 90
91 92
92 44
93 1250
1250 971
971 94
94 972
972 93
39 972
94 39
95 96
885 171
101 366
366 359
359 361
361 102
65 657
102 103
104 552
552 388
388 105
105 755
755 106
106 107
198 1051
1051 759
759 576
576 489
489 776
776 68
108 1367
1367 1364
1364 958
958 109
109 336
42 44
44 500
500 1102
104 892
892 112
112 111
111 324
324 353
353 357
357 142
110 345
345 1005
1005 705
703 704
704 46
457 458
5 248
248 1296
1296 4
4 420
420 240
240 239
239 421
421 242
242 422
422 793
793 1179
1179 1178
1178 1262
1262 423
423 1458
1458 3
3 1304
120 828
828 118
335 121
891 884
123 633
633 1201
1201 1279
1279 861
1029 123
123 57
57 71
71 122
122 1029
99 989
989 170
170 886
886 889
889 171
171 890
890 884
884 172
172 99
127 716
716 596
129 337
337 130
134 927
138 139
140 141
142 350
350 526
526 143
16 146
19 145
146 145
145 147
148 149
151 152
152 153
153 997
155 158
158 157
157 152
156 157
158 159
124 144
144 1171
1171 125
146 144
120 88
161 162
162 163
163 164
164 165
165 166
166 675
675 988
988 161
167 773
773 774
774 428
428 348
348 68
168 62
62 1341
1341 486
165 168
169 164
163 169
675 167
109 173
176 179
179 657
657 178
178 177
177 993
993 1022
1022 654
654 176
180 204
204 205
183 963
963 0
35 184
1276 183
183 491
491 385
385 187
187 186
186 386
386 185
185 184
184 1276
43 619
619 953
953 967
967 368
368 42
196 197
197 198
198 199
199 200
200 201
201 202
202 196
200 203
203 201
202 108
204 181
181 206
181 182
207 205
205 182
182 208
209 843
843 848
848 677
677 212
212 676
676 213
212 208
68 214
215 1076
1076 216
217 679
679 216
216 1471
1471 192
442 681
224 225
225 226
228 225
225 229
232 233
234 401
401 235
238 239
240 241
241 786
242 787
787 243
245 247
248 249
249 247
247 250
252 249
249 244
432 431
258 259
270 37
73 536
536 537
537 404
734 911
265 268
268 274
274 267
267 265
266 267
268 269
270 881
881 271
271 272
274 297
297 516
516 296
296 506
506 514
514 275
275 276
276 277
516 521
521 594
594 512
278 279
279 990
990 295
295 282
297 281
281 492
492 280
280 294
294 292
292 293
293 299
294 295
281 542
542 532
532 529
529 291
291 566
566 570
570 494
494 544
544 517
517 508
508 510
510 302
302 54
292 493
493 291
282 284
284 287
287 283
283 282
284 285
285 286
285 298
283 289
288 287
290 293
300 301
301 290
302 301
269 270
272 269
670 732
732 751
751 750
750 737
737 87
194 215
173 174
174 224
224 175
667 673
673 1087
1087 193
193 194
194 999
614 305
73 306
306 1079
1079 307
307 308
308 1078
1078 309
309 310
310 880
880 311
307 545
545 291
304 617
81 877
877 315
315 254
315 316
316 317
153 876
150 83
83 151
151 119
119 84
84 798
798 74
319 1289
1289 1232
149 150
33 321
323 162
326 325
327 742
742 736
736 906
906 1088
1088 738
738 904
904 907
907 740
740 1183
1183 1184
1184 739
739 742
230 231
231 66
329 436
436 330
320 334
334 330
330 580
580 454
454 331
331 333
333 332
337 1091
1091 338
608 339
339 599
599 340
343 979
979 344
344 597
597 604
604 575
575 128
345 629
624 623
623 112
355 189
189 369
369 111
351 352
352 353
498 672
672 525
358 894
894 355
355 651
651 1438
1438 1441
1441 1440
1440 356
356 357
359 360
361 362
363 365
365 364
110 1187
416 365
365 366
368 92
370 349
349 371
371 324
372 370
370 373
375 49
375 866
866 870
870 871
871 304
304 298
298 535
535 620
620 299
299 300
300 54
374 1282
1282 1432
376 377
377 1396
1396 378
377 70
379 496
496 954
954 380
190 895
895 624
624 1168
1168 1164
1164 189
189 349
371 369
369 623
349 356
356 1437
1437 350
430 987
987 902
902 822
822 585
585 583
583 1292
1292 319
83 382
64 669
68 718
718 104
104 390
390 190
190 358
358 387
387 650
650 882
882 69
69 887
987 812
812 800
800 1330
1330 384
384 488
488 1274
80 5
388 389
392 1395
1395 391
391 622
622 389
389 390
387 926
926 1394
1394 1426
394 395
235 435
435 1358
1358 1259
1259 1258
218 399
401 400
403 409
408 403
413 407
412 413
411 412
412 407
407 406
406 405
405 408
408 409
409 410
410 411
410 38
38 411
404 405
406 404
419 235
235 236
236 237
237 4
421 1034
1034 426
422 986
986 427
425 427
427 426
426 1237
1248 1156
255 256
256 257
255 132
420 1027
1027 1243
424 980
417 416
416 1199
1199 1467
1467 418
253 1456
1456 1480
1480 414
414 1476
1476 415
429 978
62 1154
1154 1143
1143 1146
1146 429
431 873
873 875
875 1233
1233 433
433 237
237 1118
1118 1002
1002 1117
1117 253
1242 1234
431 426
436 437
437 969
969 746
746 439
439 438
435 440
440 438
448 452
452 1360
1360 454
218 219
219 222
222 223
578 221
221 222
220 221
221 451
220 443
220 441
219 220
444 445
210 211
208 442
173 448
448 230
230 328
449 450
227 1362
1362 228
228 449
449 174
446 447
226 227
227 446
446 231
333 453
453 452
673 1185
1185 465
465 466
466 467
467 484
115 116
116 117
117 7
463 1126
1126 691
691 464
464 695
695 464
965 722
722 455
455 456
21 22
22 10
10 30
30 949
949 610
610 12
455 27
908 460
460 457
966 462
462 459
461 460
484 481
483 469
469 470
470 479
479 478
482 478
478 480
480 468
468 465
479 480
470 471
471 469
471 472
472 467
466 468
472 475
475 476
476 477
477 473
477 474
476 475
481 482
482 483
483 473
473 474
474 481
193 1074
1074 192
192 485
485 191
484 485
488 1459
1459 1080
1080 487
250 251
4 244
244 245
245 246
391 926
143 141
490 767
767 489
208 206
0 961
961 491
494 290
492 493
497 52
495 867
867 304
500 497
497 495
499 496
502 501
501 289
289 744
512 505
505 519
519 296
522 509
513 520
514 1369
1369 513
513 522
522 507
515 505
510 508
519 521
296 278
506 1368
1368 1369
504 1388
1388 593
593 710
710 36
511 515
515 518
504 511
517 503
79 504
501 523
502 579
579 188
524 868
525 354
354 897
897 868
868 524
524 1103
531 538
538 547
547 546
546 530
530 534
534 545
280 872
872 872
542 527
535 560
534 548
541 1402
1402 549
529 533
530 544
73 546
532 540
538 539
536 528
528 549
549 547
537 543
543 541
541 538
552 1204
1204 554
553 756
756 550
550 551
554 553
206 210
334 745
745 555
566 569
562 663
663 116
557 915
915 920
920 905
905 561
561 794
384 567
567 558
558 565
565 568
557 563
570 559
558 564
556 562
565 568
576 573
495 1028
1028 335
1028 862
862 865
579 577
577 276
574 571
606 979
979 575
575 608
608 607
582 581
581 584
584 902
583 581
585 584
584 1290
60 586
586 712
712 587
595 1273
1273 590
511 591
591 1267
593 591
115 21
458 114
17 16
16 19
19 18
18 20
596 342
342 605
605 138
138 606
606 126
599 600
596 598
341 342
340 341
601 604
600 601
601 603
12 1109
1109 61
586 1219
1219 15
61 609
609 610
613 380
615 381
620 621
621 612
621 616
617 614
618 611
622 106
112 627
627 347
347 626
626 348
625 352
352 346
627 628
626 630
346 347
631 338
338 1485
632 636
633 637
637 636
636 634
398 637
637 635
647 640
639 641
641 648
640 642
642 638
638 644
98 641
641 646
638 645
643 642
650 896
896 1046
1046 1413
1413 652
652 649
651 652
653 97
1096 1481
1481 1483
1483 1484
1484 1221
1221 1456
1456 659
659 656
656 658
660 655
655 658
1222 661
661 1113
1113 77
562 661
663 662
20 664
664 1270
1270 1271
1271 1272
666 486
666 63
63 670
670 668
668 671
671 667
667 666
142 110
486 63
668 1089
1089 752
752 64
672 345
669 1090
1090 1072
669 191
191 417
417 367
367 363
363 101
101 399
399 1024
1024 992
680 676
677 678
678 680
680 678
681 1186
1186 679
682 685
685 683
685 686
741 684
691 689
689 687
696 1104
1104 697
640 700
700 1042
1042 701
70 702
92 690
699 733
733 89
702 1041
1041 1106
1106 697
700 1107
1107 693
699 695
692 89
89 688
704 1418
1418 463
463 1421
1421 1420
1420 113
113 458
688 169
90 937
707 706
1229 1230
1230 708
708 1228
1228 709
709 1229
710 711
712 59
617 303
303 305
572 713
713 714
339 715
367 1400
28 29
554 717
717 719
719 718
720 723
723 721
721 22
723 722
721 10
311 728
728 404
730 725
731 724
724 729
729 58
726 727
728 727
732 733
312 1411
1411 266
737 740
740 743
743 736
684 687
687 1415
1415 1417
1417 1334
1334 699
738 732
735 739
739 743
747 748
748 903
903 561
840 748
748 6
751 904
904 749
749 906
906 752
749 907
907 750
753 754
105 756
756 758
755 757
719 760
766 765
765 760
760 717
761 763
763 758
762 764
759 762
762 765
765 763
767 1147
1147 1140
1140 768
771 774
773 771
771 770
770 772
772 775
214 194
770 769
776 1397
1397 777
777 1398
1398 1398
777 778
778 768
782 781
781 1339
1339 782
780 903
903 781
782 905
905 779
327 326
1393 987
783 785
785 786
241 783
784 785
787 789
792 793
257 1322
1322 1155
1155 791
791 788
256 1244
88 250
250 160
160 1163
1163 784
784 317
317 1249
795 798
75 796
796 797
800 567
567 801
810 820
818 814
821 808
816 805
822 806
815 803
817 814
814 821
821 815
815 810
810 804
804 809
809 812
397 396
319 816
816 397
397 817
817 807
809 819
804 813
1247 1245
1245 1322
1322 823
118 119
828 825
825 829
824 1207
1207 827
827 825
119 830
830 826
832 835
830 382
831 832
835 582
724 839
839 834
834 837
837 826
833 1225
1225 1226
1226 836
836 831
839 1453
1453 729
59 1192
1192 838
841 842
849 852
852 846
851 850
845 849
849 844
844 846
846 847
844 852
848 851
851 843
855 857
857 856
853 857
857 854
275 1053
507 78
860 861
861 47
863 862
862 864
867 863
863 866
524 526
614 871
870 869
1233 874
874 873
875 874
874 236
1294 827
827 1294
1294 876
877 878
799 911
911 881
881 271
271 879
883 1064
1064 882
891 1382
1382 1488
1488 1336
1336 645
645 643
643 70
70 71
891 888
890 891
170 887
172 888
885 1487
1487 1381
1381 100
100 929
889 885
893 896
896 894
894 895
895 892
23 41
41 28
28 91
91 321
1231 811
811 148
148 833
833 1251
1251 1254
1254 155
155 1321
1321 1324
1324 942
942 39
1271 1270
898 1063
1063 899
899 1057
1057 1056
1056 1055
1055 1054
1054 900
900 1058
1058 901
115 1371
1371 459
459 909
909 908
910 580
914 1194
1194 1138
1138 916
916 913
912 921
921 921
918 915
915 922
923 925
925 924
928 135
136 135
927 929
930 733
323 630
630 346
346 628
628 324
931 932
932 932
936 933
933 935
935 934
935 933
937 966
966 965
965 937
938 939
942 944
944 943
941 944
944 945
947 1184
1184 1183
1183 946
950 948
948 951
951 9
949 950
954 955
953 952
1405 1033
1033 127
127 56
958 957
328 232
232 66
66 447
447 234
234 994
959 962
962 960
960 996
964 963
963 961
961 962
402 959
959 40
967 968
969 940
714 715
715 716
48 375
976 374
39 974
790 789
789 788
788 792
528 1403
1403 543
745 746
454 1425
980 425
425 423
986 982
982 981
982 984
985 984
984 983
259 260
167 1188
1188 988
887 886
888 989
655 656
990 991
0 322
995 223
223 229
229 451
451 175
995 1022
65 1023
1023 418
418 1318
179 65
654 992
994 177
992 176
178 994
185 35
40 187
385 40
35 964
964 595
595 1266
1266 1263
1263 36
36 1086
1086 853
853 1019
1019 708
305 744
960 996
996 273
998 318
318 81
81 824
824 251
251 88
88 795
998 997
154 997
997 971
1001 1000
1399 1001
1001 768
1002 1003
1007 113
26 1009
321 24
25 34
1008 1009
1009 1010
1010 25
688 698
698 692
46 705
705 703
131 1463
1463 258
258 261
1011 1359
1359 314
314 438
438 419
419 940
940 939
939 938
938 329
329 328
262 1012
261 262
262 263
1012 261
259 1013
1013 1013
1018 1016
1015 1014
1378 1380
1380 1410
326 563
563 1071
1071 1123
1123 1122
1122 1070
1070 1478
1478 658
592 1020
1019 1021
1021 1020
1024 1023
1250 1214
1214 154
154 1217
1217 998
1025 547
577 279
1027 1026
108 197
186 1
1 386
335 571
571 634
634 50
975 335
1033 1032
1031 1030
135 134
927 100
928 136
929 928
311 726
726 72
306 310
879 880
1034 1035
303 1036
701 1041
1041 1039
1037 1039
697 1105
1105 1038
1038 1040
1043 1042
1042 1040
1049 1052
1047 1045
550 1051
1046 1049
1049 1050
1053 859
1053 858
900 1058
1058 1059
1059 1060
1060 1061
1061 1062
1062 1063
1063 899
1054 1059
1060 1055
1056 1061
1062 1057
1064 69
1065 343
343 129
129 128
128 754
754 1485
1485 607
607 1446
1446 1047
1047 376
376 122
1067 1069
1069 1068
1068 1066
1066 80
80 1067
1071 1120
1120 1070
1044 130
130 631
631 134
645 1396
442 213
213 215
175 578
578 443
443 442
67 444
444 210
210 180
180 203
175 67
681 441
441 1077
1077 217
217 218
1077 1186
1186 1076
1076 1074
1074 1073
1073 1075
1075 1185
1185 1424
1424 1090
1090 1089
1089 1088
1079 1078
1072 671
1080 1081
1081 1082
1086 1085
1075 1087
1091 1092
1093 1094
1094 1094
1095 1349
837 1099
1099 1098
1098 1099
1100 837
1102 45
1103 674
53 95
95 674
674 45
1101 682
682 683
683 694
694 498
498 31
96 143
143 97
97 644
1108 1106
1106 1104
1104 1105
1105 1108
1038 1107
1109 1218
609 1192
586 1110
1111 1112
1112 1113
1114 1115
1116 1117
1118 1119
1120 1121
1122 1125
1123 1124
1126 1127
1128 1129
1129 925
1129 1130
1130 1131
1132 1132
1132 1130
924 1435
1133 1134
1133 1135
1135 1136
913 1137
1138 1135
1084 1083
1083 1081
1139 1084
1084 1085
1085 1139
1140 1141
978 977
977 428
772 1144
1144 1142
1142 1152
1152 1150
1150 1143
1144 1145
1145 1153
1153 1151
1151 1146
1142 1145
195 1399
1399 1141
1141 1147
1148 1149
1149 1149
956 956
1152 1153
1151 1150
1150 1154
1156 1244
1244 257
257 133
1248 1157
1157 1159
1159 1161
1161 1160
1160 1246
1246 1248
1162 1163
1166 1167
1167 1170
1168 1169
1169 1167
1167 1165
1165 1164
1165 1166
1166 1169
1175 1176
1171 1172
1174 1175
1173 1174
13 1173
1173 970
1177 790
1155 1177
1177 1245
160 1181
1179 1180
791 1178
1182 188
188 394
394 1018
1018 127
1188 323
1187 897
354 1187
1004 1005
1190 1191
1189 1190
1006 1004
916 1196
1197 1198
1195 1193
1193 1194
313 1356
1356 314
102 1387
1387 1199
361 1200
1201 1283
1283 1202
1203 1204
380 615
615 618
618 619
1048 1050
1083 1205
88 1207
1207 1293
1293 1206
1208 1209
1210 1213
1213 1211
1211 1212
1212 1213
1214 1215
1215 1216
1216 1217
1215 1216
1219 1220
1224 1222
1223 1224
1225 1226
665 665
801 799
799 802
1232 1231
1236 1241
1241 1235
1235 1239
1239 1240
1238 1243
1241 1237
1240 1234
1234 1238
1238 1236
1239 1242
1243 1236
1237 1235
1242 433
433 434
1156 1247
1247 1157
1249 1160
1161 1249
243 1326
1326 1161
1159 1325
1325 243
1158 1248
1158 254
254 255
1246 1158
1251 1252
1252 1253
1253 1211
1212 1254
37 1255
1255 73
1257 1256
1260 1259
1261 1262
1263 1264
1268 1268
1268 1267
1266 1265
664 1269
1272 665
665 1227
136 137
1273 589
1274 709
1228 1274
453 1275
1278 1277
1279 1284
1284 1278
1278 1277
1277 1281
1282 1285
1285 1281
1281 1280
1280 1280
713 1285
1285 1284
1284 1283
1287 1286
1286 1286
1289 1288
1292 1291
1294 1293
1296 1295
5 1297
1328 1327
1327 264
264 1328
1298 1012
1012 263
263 1300
1300 1302
1302 264
1299 1300
1301 1302
1305 3
1307 1306
1306 1306
1308 1119
1307 1310
1311 1307
1308 1314
1315 1308
1318 1312
1319 1316
1309 1319
1313 1318
1317 1316
1316 1315
1315 1314
1314 1313
1313 1312
1312 1311
1311 1310
1310 1309
1309 1317
1297 1482
1482 253
253 1116
1116 1455
1455 1319
1069 1297
1321 1320
1324 1323
1326 1325
1327 1333
1328 1303
1330 1329
1445 1331
1332 424
424 1333
1333 1332
689 1334
141 647
1335 1336
1337 1338
1097 1098
834 1453
1453 729
782 1339
1340 1341
1343 1342
1342 1344
1344 1343
1346 1347
1347 1348
1348 1349
1349 1345
1345 1346
1342 1351
1351 1348
414 1475
1475 1344
1351 1352
1352 1461
1461 1462
1347 1350
1353 316
1354 1355
1356 1357
1358 1359
1360 1361
1362 1363
1364 1365
1366 1367
1368 1370
602 605
1371 1372
690 694
1373 1377
1377 1374
1376 1377
690 1376
1376 1375
1379 1380
1381 1384
1384 1383
1383 1382
1383 1384
1385 572
572 901
416 1386
364 1200
1200 1387
1388 1391
1391 1264
1264 1389
1390 1391
1267 588
588 592
592 594
1267 588
1265 1392
1394 1395
1426 393
1397 778
999 195
195 490
490 209
209 850
850 573
573 207
207 199
1400 216
1401 539
539 55
1402 1403
1408 1407
1409 1406
1406 1408
1407 1404
1017 1407
1408 1017
1404 1405
1405 1409
1409 1410
1410 1406
1404 1409
901 898
898 1015
1015 1017
600 597
1021 1411
795 252
252 1066
876 1206
1206 318
1412 1413
1414 1415
1416 1417
1418 1419
1421 1423
1423 1422
1422 1420
1422 1423
1073 1424
1427 1434
1432 1429
1430 1432
1431 1433
1430 1429
1429 1431
1431 1428
1428 1427
1427 1430
1385 1031
1031 1287
1287 1433
1436 1437
1436 1438
1439 1444
1444 1440
1441 1443
1443 1442
1442 372
1442 1439
1443 1444
1446 1451
1451 1448
1448 1450
1450 1447
1447 1449
1449 1448
1449 1450
1447 1451
922 1452
922 919
919 914
914 912
919 920
920 917
1454 18
647 693
693 51
1433 1428
54 55
55 499
499 531
531 613
613 413
659 1455
1457 1458
1459 1460
1463 1464
1465 1466
1466 1466
1467 1468
1469 1468
1468 1470
1471 1473
1473 1472
1473 1474
415 796
1476 1477
1352 1479
1479 1475
1479 1480
1478 1386
1350 1483
1461 1484
1345 1481
1221 1482
1486 1487
1488 1489
1489 893
1490 1489
644 1048
644 98
98 1338
1338 1490
1490 893
893 888
1048 1491